offset: [-0.0021210493348862158, 0.002283022088748865, -0.00032539645326323807]
pitch: 30
yaw: 158.34866296162946
