inverty: True
angle: -159.11807071521838
transform:
    scale: (1.0, 1.0, 1.0)
    angle: -0.0
    pos: (-0.008251882158219814, -6.057838618289679e-05, 0.00407790020108223)
    axis: (0, 0, 1)
yaw: 6.687959129077162
offset: [0.0081421928171039326, -0.00014362483170771156, -0.014316516346298158]
